v1=[0.49,0.44,0.50,0.35 
    0.26,0.41,0.34,0.28
    0.20,0.45,0.48,0.46
    0.44,0.51,0.42,0.36];
v2=[0.2700    0.0700    0.2300    0.3600
    0.3600    0.1300    0.3000    0.3800
    0.2800    0.2800    0.2300    0.5400
    0.1200    0.2400    0.2400    0.3300];
v3=[0.5500    0.5000    0.5100    0.5800
    0.6100    0.5100    0.6200    0.3800
    0.7200    0.5800    0.7300    0.5200
    0.6100    0.5800    0.5700    0.4600];
v4=[0.29,0.43,0.24,0.25
    0.26,0.54,0.47,0.38
    0.47,0.44,0.61,0.35
    0.32,0.49,0.45,0.44];
v5=[0.6900    0.7700    0.9000    0.7700
    0.8100    0.9200    0.8900    0.7100
    1.0000    0.9200    0.7600    0.8600
    0.7300    0.8500    0.8400    0.8100];
v6=[0.7800    0.8500    0.6700    0.6700
    0.5700    0.8400    0.7700    0.6500
    0.6700    0.7000    0.8900    0.7700
    0.7300    0.7900    0.7200    0.8300];
v7=[ 0.3000    0.2200    0.3400    0.3100
    0.3400    0.2800    0.3500    0.3200
    0.4100    0.2800    0.3100    0.1600
    0.3200    0.3900    0.2600    0.3200];
v8=[0.5600    0.5900    0.6800    0.5900
    0.6500    0.5700    0.6800    0.5200
    0.7500    0.6800    0.4500    0.5300
    0.7800    0.6500    0.6500    0.7300];
v9=[0.7500    0.6700    0.7500    0.7600
    0.6000    0.7000    0.7400    0.8700
    0.8100    0.7500    0.6500    0.7600
    0.8800    0.8200    0.6800    0.5800];
v10=[0.5200    0.6000    0.6100    0.6400
    0.4800    0.6300    0.6500    0.4800
    0.6200    0.5100    0.5000    0.6000
    0.8000    0.7700    0.6900    0.5500];
v11=[0.7800    0.8200    0.8800    0.7800
    0.8300    0.8300    0.9400    0.7800
    0.9000    0.8100    0.7500    0.7100
    0.8400    0.7200    0.9900    0.7200];
v12=[0.7000    0.8900    0.8400    0.8800
    0.8400    0.9300    0.8700    0.7900
    0.9600    0.5500    0.6700    0.8600
    0.8500    0.7800    0.7000    0.7000];
v13=[0.3100    0.1200    0.3500    0.0700
    0.2400    0.2700    0.4000    0.2400
    0.2800    0.3700    0.4100    0.3900
    0.2900    0.2400    0.3800    0.3400];
v14=[0.6400    0.6500    0.7400    0.8200
    0.8800    0.6700    0.9300    0.9200
    0.9200    0.6500    0.6500    0.7200
    0.9600    0.8000    0.6300    0.6700];
v15=[0.4400    0.3400    0.4300    0.3100
    0.4400    0.4900    0.3300    0.4200
    0.3600    0.2100    0.4500    0.3700
    0.3400    0.3800    0.3900    0.3600];
v16=[0.6900    0.5600    0.7200    0.6400
    0.6400    0.5500    0.6800    0.9500
    0.6900    0.6800    0.6300    0.5900
    0.6500    0.5300    0.6000    0.4400];
v17=[0.3500    0.4600    0.2000    0.3000
    0.3600    0.4100    0.6600    0.2900
    0.3500    0.2500    0.5000    0.4500
    0.5200    0.2400    0.4300    0.5600];
v18=[0.7900    0.6600    0.4200    0.5700
    0.6600    0.6300    0.5600    0.7800
    0.5400    0.5200    0.4900    0.7500
    0.8600    0.4900    0.6600    0.6200];
v19=[0.7400    0.6100    0.7100    0.7000
    0.6900    0.6700    0.7200    0.7500
    0.6800    0.6200    0.6800    0.8300
    0.6800    0.6600    0.6800    0.7600];
v20=[0.5700    0.5300    0.5200    0.6400
    0.7200    0.5600    0.4900    0.5600
    0.4900    0.5300    0.6600    0.6300
    0.6700    0.6600    0.5600    0.3400];
